================第1個顯示器資訊================
Product Name: LS28AG700N

EDID Raw Data: 
00 FF FF FF FF FF FF 00 4C 2D 76 71 35 32 59 43
31 1F 01 03 80 40 24 78 2A 61 15 AD 50 45 A4 26
0E 50 54 B7 EF 80 71 4F 81 00 81 C0 81 80 95 00
A9 C0 B3 00 01 01 08 E8 00 30 F2 70 5A 80 B0 58
8A 00 78 68 21 00 00 1E 00 00 00 FD 00 30 90 1E
FF 8F 01 0A 20 20 20 20 20 20 00 00 00 FC 00 4C
53 32 38 41 47 37 30 30 4E 0A 20 20 00 00 00 FF
00 48 34 5A 52 43 30 30 30 33 38 0A 20 20 02 8B

02 03 3D F1 47 61 10 3F 04 03 5F 01 23 09 07 07
83 01 00 00 E3 05 C0 00 6B 03 0C 00 10 00 98 3C
20 00 20 01 6D D8 5D C4 01 78 80 50 00 30 90 C3
54 05 E6 06 05 01 61 5A 00 E3 0F 41 00 56 5E 00
A0 A0 A0 29 50 30 20 35 00 78 68 21 00 00 1A 6F
C2 00 A0 A0 A0 55 50 30 20 35 00 78 68 21 00 00
1A 00 00 00 00 00 00 00 00 00 00 00 00 00 00 00
00 00 00 00 00 00 00 00 00 00 00 00 00 00 00 FC

70 12 79 00 00 03 01 3C 02 3A 00 84 7F 07 17 01
57 80 2B 00 37 04 2C 00 03 80 04 00 97 E2 00 08
FF 09 9F 00 07 80 3F 00 9F 05 28 00 02 00 04 00
6F 7E 00 08 7F 07 4F 00 07 80 1F 00 37 04 2C 00
1E 00 07 00 00 00 00 00 00 00 00 00 00 00 00 00
00 00 00 00 00 00 00 00 00 00 00 00 00 00 00 00
00 00 00 00 00 00 00 00 00 00 00 00 00 00 00 00
00 00 00 00 00 00 00 00 00 00 00 00 00 00 2B 90
