============================================================
EDID 顯示器信息導出
導出時間: 2026-03-09 14:58:08
============================================================

Product Name: 內建顯示器

EDID Raw Data: 
00 FF FF FF FF FF FF 00 30 E4 F1 06 00 00 00 00
00 1F 01 04 95 1F 11 78 03 38 D5 97 5E 59 8E 27
1C 50 54 00 00 00 01 01 01 01 01 01 01 01 01 01
01 01 01 01 01 01 2E 36 80 A0 70 38 1F 40 30 20
35 00 35 AE 10 00 00 19 18 24 80 A0 70 38 1F 40
30 20 35 00 35 AE 10 00 00 19 00 00 00 00 00 00
00 00 00 00 00 00 00 00 00 00 00 00 00 00 00 02
00 0C 3A FF 0A 3C 7D 12 0E 1A 7D 00 00 00 01 E5

02 03 0B 00 E6 06 01 01 4A 4A 14 00 00 00 00 00
00 00 00 00 00 00 00 00 00 00 00 00 00 00 00 00
00 00 00 00 00 00 00 00 00 00 00 00 00 00 00 00
00 00 00 00 00 00 00 00 00 00 00 00 00 00 00 00
00 00 00 00 00 00 00 00 00 00 00 00 00 00 00 00
00 00 00 00 00 00 00 00 00 00 00 00 00 00 00 00
00 00 00 00 00 00 00 00 00 00 00 00 00 00 00 00
00 00 00 00 00 00 00 00 00 00 00 00 00 00 00 5A


============================================================
導出完成
============================================================
